[LEFT_CAM_2K]
fx=1402.5
fy=1402.5
cx=1149.09
cy=629.552
k1=-0.174222
k2=0.0254126
k3=0
p1=0
p2=0

[RIGHT_CAM_2K]
fx=1396.9
fy=1396.9
cx=1164.95
cy=667.032
k1=-0.175385
k2=0.0275858
k3=0
p1=0
p2=0

[LEFT_CAM_FHD]
fx=1402.5
fy=1402.5
cx=1005.09
cy=548.552
k1=-0.174222
k2=0.0254126
k3=0
p1=0
p2=0

[RIGHT_CAM_FHD]
fx=1396.9
fy=1396.9
cx=1020.95
cy=586.032
k1=-0.175385
k2=0.0275858
k3=0
p1=0
p2=0

[LEFT_CAM_HD]
fx=701.25
fy=701.25
cx=661.045
cy=362.776
k1=-0.174222
k2=0.0254126
k3=0
p1=0
p2=0

[RIGHT_CAM_HD]
fx=698.45
fy=698.45
cx=668.975
cy=381.516
k1=-0.175385
k2=0.0275858
k3=0
p1=0
p2=0

[LEFT_CAM_VGA]
fx=350.625
fy=350.625
cx=346.0225
cy=188.888
k1=-0.174222
k2=0.0254126
k3=0
p1=0
p2=0

[RIGHT_CAM_VGA]
fx=349.225
fy=349.225
cx=349.9875
cy=198.258
k1=-0.175385
k2=0.0275858
k3=0
p1=0
p2=0

[STEREO]
Baseline=120
TY=0
TZ=0
CV_2K=0.0192222
CV_FHD=0.0192222
CV_HD=0.0192222
CV_VGA=0.0192222
RX_2K=-0.00775939
RX_FHD=-0.00775939
RX_HD=-0.00775939
RX_VGA=-0.00775939
RZ_2K=-0.000149432
RZ_FHD=-0.000149432
RZ_HD=-0.000149432
RZ_VGA=-0.000149432

